p/positiv_1643357029.8463244.jpg 1 770 165 479 389
p/positiv_1643357030.862966.jpg 1 732 222 492 393
p/positiv_1643357032.001397.jpg 1 647 181 565 439
p/positiv_1643357033.2679787.jpg 1 629 168 508 402
p/positiv_1643357034.0024164.jpg 1 633 147 524 392
p/positiv_1643357034.8640718.jpg 1 681 166 504 398
p/positiv_1643357035.6133387.jpg 1 706 151 508 404
p/positiv_1643357036.3258286.jpg 1 758 157 489 374
p/positiv_1643357036.9338253.jpg 1 754 169 488 381
p/positiv_1643357037.684643.jpg 1 716 149 523 393
p/positiv_1643357038.2702801.jpg 1 714 157 486 404
p/positiv_1643357038.954023.jpg 1 697 189 488 387
p/positiv_1643357039.3986335.jpg 1 693 200 478 356
p/positiv_1643357039.9720156.jpg 1 712 208 494 359
p/positiv_1643357040.5716531.jpg 1 728 193 490 370
p/positiv_1643357041.190493.jpg 1 741 188 502 370
p/positiv_1643357041.6347246.jpg 1 755 186 500 381
p/positiv_1643357042.2216368.jpg 1 755 180 507 392
p/positiv_1643357042.8033621.jpg 1 725 179 531 412
p/positiv_1643357043.3902822.jpg 1 725 203 498 407
p/positiv_1643357043.969479.jpg 1 698 215 505 396
p/positiv_1643357044.5698273.jpg 1 694 237 501 380
p/positiv_1643357045.0293145.jpg 1 671 217 511 396
p/positiv_1643357045.60496.jpg 1 679 222 486 404
p/positiv_1643357046.2015104.jpg 1 691 220 479 407
p/positiv_1643357046.6306078.jpg 1 705 223 459 403
p/positiv_1643357047.2063217.jpg 1 711 229 455 385
p/positiv_1643357047.8348322.jpg 1 731 226 448 360
p/positiv_1643357048.2942564.jpg 1 756 192 433 370
p/positiv_1643357048.939019.jpg 1 765 200 426 332
p/positiv_1643357049.384798.jpg 1 788 202 419 348
p/positiv_1643357049.9544153.jpg 1 818 204 399 311
p/positiv_1643357050.4055629.jpg 1 793 218 400 304
p/positiv_1643357051.0021875.jpg 1 811 233 378 288
p/positiv_1643357051.579409.jpg 1 781 233 397 295
p/positiv_1643357052.022749.jpg 1 780 218 383 293
p/positiv_1643357052.59984.jpg 1 761 218 400 285
p/positiv_1643357053.1850867.jpg 1 757 193 413 287
p/positiv_1643357053.6220806.jpg 1 755 226 386 275
p/positiv_1643357054.1916041.jpg 1 755 201 387 284
p/positiv_1643357054.7724736.jpg 1 711 228 349 280
p/positiv_1643357055.215086.jpg 1 643 228 374 281
p/positiv_1643357055.828951.jpg 1 633 264 340 253
p/positiv_1643357056.2879388.jpg 1 630 289 296 252
p/positiv_1643357056.8586078.jpg 1 612 266 304 258
p/positiv_1643357057.451663.jpg 1 617 253 299 239
p/positiv_1643357057.89068.jpg 1 648 261 298 231
p/positiv_1643357058.3253114.jpg 1 704 257 286 221
p/positiv_1643357058.9334977.jpg 1 784 240 255 232
p/positiv_1643357059.515768.jpg 1 852 256 244 216
p/positiv_1643357059.9545221.jpg 1 880 223 249 207
p/positiv_1643357060.5323935.jpg 1 879 247 281 200
p/positiv_1643357061.1124156.jpg 1 844 231 293 178
p/positiv_1643357061.5686755.jpg 1 847 211 285 195
p/positiv_1643357062.1546884.jpg 1 871 230 277 192
p/positiv_1643357062.7404242.jpg 1 856 195 305 214
p/positiv_1643357063.3227832.jpg 1 828 224 296 211
p/positiv_1643357063.763058.jpg 1 828 250 280 206
p/positiv_1643357064.333689.jpg 1 831 265 292 204
p/positiv_1643357064.9490883.jpg 1 837 253 333 184
p/positiv_1643357065.4472172.jpg 1 792 216 348 232
p/positiv_1643357066.026467.jpg 1 765 201 390 257
p/positiv_1643357066.6098905.jpg 1 783 197 368 261
p/positiv_1643357067.1860561.jpg 1 764 203 389 240
p/positiv_1643357067.9155273.jpg 1 726 208 443 280
p/positiv_1643357068.4868174.jpg 1 731 187 453 299
p/positiv_1643357069.0980515.jpg 1 667 164 509 351
p/positiv_1643357069.677738.jpg 1 673 178 504 383
p/positiv_1643357070.2528944.jpg 1 620 195 572 411
p/positiv_1643357070.8390062.jpg 1 617 131 598 470
p/positiv_1643357071.4309335.jpg 1 557 167 623 457
p/positiv_1643357071.9004936.jpg 1 537 188 625 468
p/positiv_1643357072.4840991.jpg 1 559 161 606 487
p/positiv_1643357072.9227061.jpg 1 565 150 599 487
p/positiv_1643357073.4955957.jpg 1 546 193 590 478
p/positiv_1643357074.0835388.jpg 1 572 180 548 456
p/positiv_1643357074.5407307.jpg 1 631 230 493 411
p/positiv_1643357075.1384907.jpg 1 692 218 462 421
p/positiv_1643357075.7187786.jpg 1 691 229 439 403
p/positiv_1643357076.1811516.jpg 1 644 195 466 415
p/positiv_1643357076.9167478.jpg 1 691 165 462 391
p/positiv_1643357077.3506274.jpg 1 697 154 473 361
p/positiv_1643357077.9338176.jpg 1 723 138 453 363
p/positiv_1643357078.572999.jpg 1 749 179 408 317
p/positiv_1643357079.3420064.jpg 1 731 174 400 326
p/positiv_1643357079.8087497.jpg 1 728 162 407 333
p/positiv_1643357080.3892667.jpg 1 749 155 395 331
p/positiv_1643357080.9768476.jpg 1 742 175 371 329
p/positiv_1643357081.5762389.jpg 1 710 154 375 319
p/positiv_1643357082.0119193.jpg 1 669 142 409 320
p/positiv_1643357082.591221.jpg 1 713 179 363 312
p/positiv_1643357083.1762211.jpg 1 666 178 399 292
p/positiv_1643357083.6054196.jpg 1 694 174 372 308
p/positiv_1643357084.1979268.jpg 1 689 184 376 298
p/positiv_1643357084.8193972.jpg 1 676 192 365 293
p/positiv_1643357085.2784815.jpg 1 611 202 422 301
p/positiv_1643357085.882235.jpg 1 637 215 393 296
p/positiv_1643357086.4977584.jpg 1 639 213 382 295
p/positiv_1643357086.939433.jpg 1 642 212 380 313
p/positiv_1643357087.5235476.jpg 1 645 214 375 290
p/positiv_1643357088.1371887.jpg 1 638 211 386 305
p/positiv_1643357088.7330291.jpg 1 668 249 384 279
p/positiv_1643357089.214173.jpg 1 704 229 389 302
p/positiv_1643357089.793313.jpg 1 816 212 369 320
p/positiv_1643357090.2335808.jpg 1 887 207 397 313
p/positiv_1643357090.812979.jpg 1 1026 193 411 314
p/positiv_1643357091.3961582.jpg 1 1128 164 459 342
p/positiv_1643357092.0069065.jpg 1 1245 168 484 343
p/positiv_1643357092.475819.jpg 1 1257 204 571 344
p/positiv_1643357093.0545363.jpg 1 1323 184 557 372